1.352431
1.351402
1.326938
1.362939
1.270986
1.47811
1.648683
1.654544
1.620347
1.766068
1.641717
1.763505
1.56845
1.927283
2.006624
2.171434
2.30019
2.028103
2.006584
1.471961
1.802594
1.553113
1.46568
1.316236
1.550373
1.554463
1.781137
1.650636
1.513623
1.404303
1.575644
1.738447
1.736103
1.754643
1.846715
1.709916
1.656461
1.677226
1.567051
1.583486
1.627778
1.533137
1.437721
1.480494
1.557019
1.57387
1.55658
1.484558
1.482789
1.417603
1.387408
1.427028
1.175233
1.155804
1.25141
1.359522
1.254301
1.251827
1.337114
1.325513
1.372968
1.383814
1.332942
1.394152
1.404008
1.461221
1.404712
1.416153
1.404964
1.327267
1.350715
1.335172
1.348264
1.313973
1.264938
1.263694
1.22505
1.171585
1.172851
1.181999
1.12276
1.054299
1.170252
1.18625
1.207072
1.233566
1.228722
1.255928
1.280826
1.286494
1.285791
1.309885
1.319958
1.31577
1.30939
1.369783
1.376939
1.386193
1.402523
1.473097
1.426617
1.475262
1.677949
1.795803
1.83276
2.138287
2.189896
2.167868
2.072315
1.92448
2.105524
2.437795
2.457214
2.436862
2.708616
2.920038
2.725629
2.741166
2.531772
2.947338
2.850029
2.850741
2.737641
2.769947
2.86975
2.959315
2.96639
2.831425
2.911581
2.832807
2.506859
2.406712
2.517666
2.385186
2.641341
2.582778
2.403186
2.397332
2.503889
2.418439
2.347429
2.369956
2.283438
2.079772
1.984266
2.259691
2.329006
2.279395
2.302443
2.212038
2.133217
2.039015
2.066589
2.116249
2.254531
2.249317
2.251848
2.189178
2.233087
2.210038
2.277983
2.234527
2.267288
2.191907
2.173525
2.119377
2.187248
2.172978
2.215554
2.177637
2.157833
2.128213
2.111303
2.18964
2.137513
2.156006
2.166816
2.119801
2.143916
2.137858
1.912248
1.987413
2.012207
1.955862
1.964962
1.949818
1.971404
2.064559
1.984745
1.985306
2.006963
2.021946
2.126183
2.268922
2.101769
2.082225
2.046191
2.052102
2.041248
2.021147
1.877808
1.87627
1.787225
1.86464
1.922869
1.838291
1.778283
1.751246
1.667261
1.676388
1.531957
1.546672
1.594501
1.602102
1.552819
1.547706
1.720719
1.558386
1.420609
1.379189
1.423189
1.380939
1.393739
1.291753
1.213407
1.352221
1.347895
1.22446
1.266263
1.311818
1.240744
1.220517
1.242394
1.243437
1.236419
1.280337
1.328843
1.473877
1.394186
1.45351
1.455838
1.515092
1.401962
1.332747
1.36047
1.31013
1.377017
1.377599
1.321508
1.311944
1.235209
1.279917
1.211468
1.187693
1.173786
1.127857
1.185551
1.304656
1.23337
1.291089
1.295933
1.40821
1.59648
1.464946
1.341654
1.258803
1.123079
1.067661
1.122782
1.066519
1.04362
1.078735
1.043234
1.050492
1.059748
1.037615
1.052236
1.090309
1.028688
1.056243
1.136061
1.127235
1.144356
1.19765
1.177958
1.194636
1.152571
1.080511
1.058008
1.045469
1.050218
1.107631
1.084318
1.020223
0.997005
0.997629
0.932452
0.85813
0.888989
0.868515
0.853572
0.897996
0.887788
0.85787
0.959886
0.962425
0.938722
0.902793
0.843175
0.865688
0.823738
0.797174
0.801485
0.849355
0.806302
0.790073
0.790567
0.790412
0.803841
0.800024
0.838362
0.836657
0.853274
0.901322
0.877201
0.916888
0.976162
1.107204
1.130228
1.098015
1.151006
1.182334
1.169285
1.19098
1.190299
1.141952
1.165444
1.155909
1.1858
1.213029
1.170792
1.053129
1.091632
1.025912
1.045012
1.030671
0.920599
0.955122
0.974569
0.932529
0.954704
0.952531
0.917509
0.936762
0.953325
0.937272
0.910335
0.907185
0.888279
0.886378
0.898577
0.827541
0.840615
0.84393
0.805056
0.757478
1.367415
1.354889
1.37979
1.365681
1.493424
1.699504
1.745329
1.654544
1.829795
1.822609
1.778112
1.818942
1.969934
2.042103
2.371752
2.461766
2.325002
2.150382
2.028092
1.943229
1.86863
1.60102
1.53964
1.597913
1.648563
1.832433
1.790477
1.677707
1.561741
1.688977
1.75062
1.779591
1.803849
1.88865
1.848485
1.783177
1.706524
1.740569
1.594298
1.630414
1.635973
1.546059
1.49353
1.578513
1.592704
1.611401
1.575438
1.538465
1.493233
1.442877
1.460376
1.436257
1.263039
1.305561
1.398589
1.392683
1.291396
1.348168
1.349285
1.419944
1.398117
1.383814
1.394397
1.441714
1.493717
1.461221
1.456887
1.440113
1.406497
1.371523
1.364834
1.366351
1.373091
1.321124
1.287538
1.287742
1.244133
1.193662
1.216031
1.190931
1.134648
1.221106
1.206679
1.207033
1.247973
1.238433
1.399011
1.314803
1.316583
1.299072
1.317354
1.332403
1.386737
1.349569
1.382737
1.392539
1.397315
1.424119
1.484598
1.494273
1.498564
1.699575
1.894406
1.866757
2.145926
2.25036
2.248431
2.19545
2.141046
2.161289
2.449876
2.575276
2.528989
2.718612
2.967398
2.947403
2.795994
2.783461
2.944447
2.948675
2.936252
2.885242
2.877878
2.902614
3.099186
3.029436
2.96639
2.954971
2.92623
2.872511
2.564514
2.621054
2.585671
2.796062
2.783103
2.590281
2.43249
2.578296
2.512983
2.441715
2.435803
2.391871
2.289793
2.224538
2.266182
2.344563
2.344986
2.458108
2.302443
2.271561
2.172157
2.144665
2.134077
2.274002
2.320416
2.307575
2.253159
2.256643
2.250027
2.369656
2.309177
2.297457
2.276212
2.249355
2.173575
2.196761
2.221947
2.240569
2.247748
2.187675
2.16989
2.155572
2.206168
2.29641
2.20874
2.174763
2.169683
2.176252
2.199589
2.154367
2.054593
2.044696
2.016995
2.022236
2.015316
1.99654
2.144626
2.100966
2.018975
2.03994
2.036167
2.138435
2.375914
2.359522
2.152531
2.102994
2.079476
2.070042
2.094682
2.021147
1.893318
1.908513
1.894425
1.955915
1.922869
1.839811
1.81763
1.752388
1.748867
1.68544
1.585799
1.598509
1.636148
1.628403
1.622388
1.756863
1.728509
1.558615
1.436573
1.438994
1.477548
1.423688
1.407885
1.331853
1.362157
1.41196
1.357773
1.269876
1.329269
1.33101
1.258695
1.267222
1.309385
1.260699
1.289425
1.366798
1.489489
1.490347
1.460733
1.468327
1.590728
1.537979
1.436113
1.376474
1.379202
1.376975
1.388755
1.377599
1.349682
1.350875
1.294576
1.282408
1.25267
1.204036
1.178859
1.193615
1.306346
1.350995
1.306503
1.315587
1.420641
1.594131
1.631298
1.531111
1.423338
1.279778
1.152195
1.164873
1.124338
1.072024
1.149648
1.078735
1.058343
1.080614
1.075346
1.057604
1.092317
1.10024
1.057225
1.135624
1.172885
1.147803
1.206854
1.257816
1.212157
1.218667
1.162573
1.091407
1.070944
1.052781
1.113366
1.110541
1.091512
1.041311
1.017854
0.997629
0.986247
0.893756
0.955431
0.882342
0.906541
0.928296
0.912676
0.967613
1.005403
0.973629
0.944079
0.90305
0.88094
0.870498
0.845476
0.819148
0.861431
0.850576
0.817147
0.800801
0.819025
0.812075
0.815622
0.838632
0.85588
0.85888
0.912921
0.914603
0.927599
0.985033
1.107482
1.185751
1.163815
1.157231
1.183395
1.242865
1.239358
1.216669
1.22632
1.172973
1.193844
1.198543
1.240358
1.217393
1.171607
1.098469
1.097432
1.045075
1.06803
1.030671
0.980855
0.978153
0.983624
0.957988
0.961081
0.961512
0.937368
0.954662
0.974735
0.969453
0.923741
0.910614
0.897855
0.901707
0.901137
0.853942
0.852062
0.8487
0.817048
0.799021
1.319063
1.295577
1.322527
1.258929
1.26083
1.4338
1.530229
1.564084
1.575998
1.529308
1.596676
1.552775
1.505321
1.817152
1.966524
2.013285
1.92552
1.979631
1.028031
1.327412
1.326776
1.377943
1.056036
1.270361
1.439744
1.554463
1.612414
1.452245
1.335859
1.35182
1.527209
1.660549
1.719255
1.717762
1.609734
1.611715
1.647702
1.557106
1.402785
1.485165
1.508578
1.420852
1.358179
1.402935
1.510411
1.545383
1.475047
1.459475
1.379673
1.386422
1.308951
1.170604
1.002985
1.111894
1.206899
1.245304
1.198573
1.243678
1.305406
1.320304
1.287063
1.304074
1.286607
1.359664
1.382153
1.379284
1.393282
1.401327
1.320428
1.288597
1.320597
1.324434
1.292838
1.250801
1.200443
1.207396
1.168918
1.152655
1.170776
1.117248
1.021433
1.038182
1.152134
1.147738
1.199018
1.191617
1.224362
1.21536
1.260048
1.260992
1.250495
1.28886
1.30027
1.296775
1.263189
1.324366
1.34052
1.363699
1.39675
1.408625
1.394436
1.458569
1.670661
1.684125
1.828374
2.093593
2.039562
2.051724
1.912754
1.887675
2.047941
2.378612
2.387616
2.433664
2.693827
2.598319
2.608796
2.473766
2.498699
2.782474
2.730336
2.724317
2.706473
2.726327
2.839781
2.907606
2.810206
2.826377
2.804009
2.040953
2.211509
2.387085
2.302802
2.375493
2.511185
2.315688
2.328019
2.364347
2.383594
2.32671
2.313549
2.265415
1.989418
1.92328
1.970946
2.183468
2.077399
2.241186
2.153531
2.133972
2.030042
2.023027
2.053454
2.096256
2.195434
2.223882
2.1558
2.181561
2.116876
2.153612
2.223705
2.221574
2.174145
2.122026
2.075584
2.089565
2.158867
2.139135
2.171732
2.09656
2.109943
2.096606
2.095114
2.13471
2.133419
2.134751
2.095419
2.115651
2.128982
1.83342
1.910781
1.982498
1.932392
1.923054
1.91796
1.934827
1.950845
1.956403
1.963668
1.946815
1.978159
2.011635
2.107469
1.944602
2.063564
1.994117
2.023658
2.01207
2.014811
1.786474
1.805297
1.710864
1.756623
1.860625
1.836332
1.75983
1.745127
1.594203
1.620885
1.502046
1.531957
1.433618
1.559918
1.549843
1.534562
1.521645
1.532564
1.205124
1.290549
1.257868
1.370552
1.343517
1.29044
1.210024
1.195143
1.321837
1.202574
1.201422
1.207161
1.236784
1.187881
1.201947
1.241757
1.202716
1.229115
1.278285
1.311121
1.38348
1.385219
1.410834
1.452088
1.381352
1.32847
1.300004
1.287365
1.309787
1.346515
1.3158
1.299482
1.202679
1.193416
1.193237
1.138116
1.153479
1.080153
1.125648
1.185551
1.233161
1.227105
1.257258
1.291159
1.390763
1.418237
1.331478
1.257876
1.109166
0.933397
1.056932
0.959124
0.998212
1.026486
1.009166
1.014096
1.041647
1.028418
1.012046
1.037886
1.02775
1.019261
1.047297
1.102618
1.103168
1.128264
1.135913
1.15475
1.149182
1.072568
1.034717
1.035629
1.021529
1.050018
1.069289
1.012222
0.989473
0.977514
0.923295
0.857714
0.81999
0.869169
0.75281
0.829244
0.885401
0.840146
0.84504
0.944935
0.929062
0.886073
0.830861
0.824839
0.823004
0.783291
0.790318
0.801007
0.791222
0.78593
0.789565
0.783251
0.781908
0.785917
0.795396
0.82993
0.822879
0.851972
0.865669
0.865919
0.909592
0.959068
1.085422
1.075631
1.082272
1.108125
1.162468
1.169033
1.167608
1.137162
1.107619
1.15105
1.146687
1.165493
1.167548
1.052379
1.045138
1.02137
1.02379
1.028757
0.920116
0.920599
0.9374
0.925471
0.932474
0.939852
0.915346
0.877736
0.928201
0.93251
0.896912
0.893973
0.88466
0.881857
0.830232
0.821011
0.82259
0.827689
0.793686
0.742359
0.750147
1.353071
1.326812
1.36203
1.274111
1.475529
1.650124
1.653453
1.619554
1.770562
1.644696
1.764077
1.552775
1.933668
2.004796
2.174027
2.309113
2.032226
2.003662
1.482521
1.810469
1.552277
1.463622
1.325436
1.549485
1.555369
1.782702
1.64596
1.511987
1.406232
1.577279
1.742778
1.734753
1.752824
1.840471
1.710908
1.659009
1.678248
1.564106
1.58803
1.624826
1.531857
1.436378
1.48022
1.558359
1.57511
1.597756
1.482573
1.482194
1.415396
1.39057
1.429188
1.17748
1.153254
1.252896
1.356087
1.256478
1.25044
1.335202
1.324752
1.368437
1.383472
1.335611
1.394397
1.406836
1.458184
1.404898
1.418053
1.403118
1.330146
1.349474
1.336085
1.348145
1.315099
1.265083
1.262258
1.223192
1.173715
1.172302
1.183698
1.121116
1.056291
1.168098
1.186161
1.206307
1.233497
1.228501
1.258493
1.278446
1.283504
1.284084
1.308952
1.322345
1.31773
1.310068
1.365026
1.376564
1.386145
1.401786
1.470677
1.42783
1.47764
1.672566
1.798038
1.823878
2.136079
2.191687
2.169153
2.079417
1.926601
2.10856
2.42814
2.457702
2.435435
2.713725
2.917386
2.721091
2.738132
2.535528
2.944197
2.84749
2.855986
2.73316
2.772475
2.870767
2.963438
2.968239
2.832807
2.910824
2.831897
2.502491
2.474989
2.517666
2.385911
2.63395
2.581727
2.400663
2.395638
2.501635
2.420969
2.346419
2.369978
2.282299
2.063989
1.987028
2.266182
2.330941
2.281269
2.301541
2.208495
2.135905
2.039139
2.065688
2.114452
2.258127
2.251459
2.252873
2.189235
2.233124
2.212155
2.276995
2.237176
2.266615
2.197214
2.173389
2.11919
2.189053
2.170363
2.214651
2.177713
2.156963
2.128263
2.112962
2.18595
2.136591
2.154199
2.166815
2.123435
2.144066
2.138777
1.913237
1.988219
2.012187
1.957422
1.965026
1.950002
1.971377
2.063701
1.984882
1.986206
2.006609
2.021872
2.124419
2.273483
2.101802
2.085524
2.045766
2.053104
2.040853
2.015587
1.877235
1.87554
1.788331
1.864793
1.921736
1.839763
1.776555
1.750503
1.686423
1.651345
1.52842
1.546118
1.592855
1.602508
1.554903
1.547713
1.715366
1.556555
1.420706
1.378105
1.425393
1.381941
1.397074
1.29044
1.211689
1.354248
1.347282
1.225348
1.222835
1.311847
1.240534
1.219892
1.242534
1.244661
1.23824
1.280859
1.328041
1.474691
1.392367
1.453495
1.456045
1.512913
1.402264
1.330814
1.360415
1.310209
1.376975
1.377584
1.321637
1.311658
1.236002
1.279782
1.211547
1.187512
1.17386
1.128052
1.18511
1.304535
1.233161
1.290926
1.296263
1.407251
1.594131
1.465541
1.341757
1.258055
1.123233
1.066716
1.122371
1.066598
1.043574
1.079047
1.043533
1.050606
1.05957
1.037473
1.052303
1.088624
1.028906
1.056444
1.135624
1.127345
1.144547
1.197307
1.17872
1.19481
1.152478
1.080347
1.058199
1.045819
1.050267
1.107586
1.084981
1.019895
0.997113
0.997703
0.932902
0.858236
0.889017
0.869169
0.853425
0.898027
0.887918
0.858335
0.959828
0.962346
0.938662
0.902659
0.842889
0.865672
0.823752
0.797379
0.80125
0.849293
0.806316
0.790125
0.790674
0.790995
0.803917
0.800006
0.838374
0.836784
0.853433
0.901099
0.877092
0.916782
0.97644
1.107482
1.130011
1.097888
1.150594
1.182148
1.170184
1.191112
1.190385
1.141851
1.165425
1.156007
1.185941
1.212945
1.170801
1.052771
1.091894
1.026326
1.045015
1.030885
0.92045
0.955145
0.974696
0.932412
0.954717
0.95264
0.917466
0.93673
0.953333
0.937341
0.910474
0.907154
0.888503
0.88635
0.898695
0.827645
0.840595
0.84395
0.805043
0.75666
0.773226
